2018-12-18 22:53:12.593801,-20,,
2018-12-18 22:53:13.009630,-20,,
2018-12-18 22:53:13.225599,-20,,
2018-12-23 15:48:52.918964,-20,,
2018-12-23 15:48:53.114280,-20,,
2018-12-23 15:48:53.368901,-20,,
2018-12-23 21:38:35.758540,-20,,
2018-12-23 21:38:36.382369,-20,,
2018-12-23 21:38:36.718769,-20,,
2018-12-23 21:38:37.171625,-20,,
2018-12-23 22:44:26.239754,-20,,
2018-12-23 22:44:26.667502,-20,,
2018-12-23 22:45:16.640001,-20,,
2018-12-23 22:45:17.188786,-20,,
2018-12-23 23:02:48.536102,-20,,
2018-12-23 23:02:48.862520,-20,,
2018-12-24 00:35:14.846191,-20,,
2018-12-24 00:40:51.483901,-20,,
2018-12-24 00:50:10.676432,-20,,
2018-12-24 00:50:11.189581,-20,,
2018-12-24 00:50:11.652774,-20,,
2018-12-24 00:50:12.046573,-20,,
2018-12-24 00:58:33.478877,-20,,
2018-12-24 00:58:33.844148,-20,,
2018-12-24 00:58:34.283898,-20,,
2018-12-24 01:08:00.356323,-20,,
2018-12-24 01:08:01.125711,-20,,
2018-12-24 11:38:49.035866,-20,,
2018-12-24 11:38:49.669808,-20,,
2018-12-24 11:38:50.084249,-20,,
2018-12-24 11:38:59.122934,-20,,
2018-12-24 11:54:01.072212,-20,,
2018-12-24 11:54:05.818363,-20,,
2018-12-24 11:54:10.890550,-20,,
2018-12-24 12:00:36.312049,-20,,
2018-12-24 12:00:37.311569,-20,,
2018-12-24 12:00:37.799764,-20,,
2018-12-24 12:00:42.350340,-20,,
2018-12-24 12:00:42.825627,-20,,
2018-12-24 12:04:03.204361,-20,,
2018-12-24 12:04:09.820329,-20,,
2018-12-24 12:04:10.345250,-20,,
2018-12-24 12:04:10.822535,-20,,
2018-12-27, -20,,
2018-12-27, -20,,
2018-12-28 19:10:29.952247,-20,,
2018-12-28 19:10:30.360090,-20,,
2018-12-28 19:10:30.544047,-20,,
2018-12-28 19:10:30.736084,-20,,
2018-12-28 19:10:30.920083,-20,,
2018-12-28 19:10:31.120049,-20,,
2018-12-28 19:10:31.312107,-20,,
2018-12-28 19:10:31.488067,-20,,
2018-12-28 19:10:31.680153,-20,,
2018-12-28 19:10:31.840097,-20,,
2018-12-28 19:10:32.024058,-20,,
2018-12-28 19:10:32.232103,-20,,
2018-12-28 19:10:32.456150,-20,,
2019-01-02, -20,,
2019-01-02, -20,,
